1994
1972
2008
1974
1957
2003
1994
1993
2010
1999
2001
1994
1966
2002
1999
1990
1980
1975
2020
2019
2020
2014
2002
2001
1998
1999
1997
1995
1991
1977
1962
1954
1946
2019
2014
2011
2006
2006
2002
2000
1998
1995
1994
1994
1991
1988
1988
1985
1968
1960
1942
1936
1931
2018
2017
2017
2016
2016
2018
2019
2018
2017
2012
2012
2009
2007
2008
2006
2003
2000
1997
1984
1981
1980
1979
1979
1971
1963
1964
1957
1957
1954
1950
1940
2019
2018
2018
2013
2012
2011
2010
2019
2005
2009
2004
2001
2000
2000
1999
1997